2 0 1355.9635009765625 1499.832763671875 1569.9124755859375 1736.9580078125
0 0 1074.537109375 1275.8431396484375 1250.248779296875 1451.6439208984375
2 0 833.3391723632812 1393.2808837890625 1060.2744140625 1624.5394287109375
2 0 1466.01123046875 990.364501953125 1681.071533203125 1219.75244140625
2 0 1516.440185546875 1271.27880859375 1733.552490234375 1501.855224609375
2 0 1254.1434326171875 1243.195556640625 1490.6309814453125 1484.144287109375
2 0 1063.8316650390625 1553.1224365234375 1297.0032958984375 1785.9781494140625
1 0 1176.61083984375 1097.03076171875 1344.287353515625 1258.222900390625
0 0 785.98046875 1108.056396484375 1002.9652099609375 1339.42822265625
2 0 944.7239379882812 880.564208984375 1172.3681640625 1104.9991455078125
2 0 1233.80078125 824.6868286132812 1449.63720703125 1059.2755126953125
