0 0.5714882612228394 0.6322706937789917 0.08173093944787979 0.08895178139209747
0 0.37061527371406555 0.590132474899292 0.0882849246263504 0.08993568271398544
0 0.45435047149658203 0.5334169864654541 0.06804732978343964 0.06695270538330078
0 0.49206048250198364 0.4590141773223877 0.06693649291992188 0.06492166221141815
0 0.5233274698257446 0.3678828179836273 0.08123836666345596 0.08900139480829239
0 0.5357396602630615 0.5323501229286194 0.09140729904174805 0.09222278743982315
0 0.6351827383041382 0.5416496992111206 0.087633416056633 0.0863746628165245
0 0.4608924984931946 0.6525567770004272 0.09025497734546661 0.08945675194263458
0 0.6154758930206299 0.4308769106864929 0.08470554649829865 0.08378343284130096
0 0.4135659337043762 0.38746869564056396 0.08724155277013779 0.08623290061950684
0 0.3494637608528137 0.4777376651763916 0.0826101303100586 0.08660545200109482
