0 0.6270662546157837 0.4400416910648346 0.0786205306649208 0.07789459079504013
0 0.514260470867157 0.5321736931800842 0.05860738828778267 0.058127500116825104
0 0.555415689945221 0.35951393842697144 0.08080682903528214 0.07941832393407822
0 0.3649773597717285 0.4281485974788666 0.07905624061822891 0.07937917858362198
0 0.43409591913223267 0.6179050207138062 0.08010546863079071 0.07960939407348633
0 0.542576253414154 0.6221643686294556 0.08294419944286346 0.08237123489379883
0 0.445695698261261 0.35513606667518616 0.07824697345495224 0.07775183022022247
0 0.6240600943565369 0.5476725101470947 0.07943467795848846 0.07591648399829865
0 0.35952097177505493 0.5363780856132507 0.07996664196252823 0.07932891696691513
0 0.45006808638572693 0.478027880191803 0.0894191712141037 0.08955850452184677
0 0.528588593006134 0.452472984790802 0.0602627769112587 0.058031462132930756
