0 0.5714601278305054 0.632185697555542 0.08357381820678711 0.09262704849243164
0 0.45405974984169006 0.5327123403549194 0.06863737106323242 0.06867218017578125
0 0.3698464035987854 0.5894180536270142 0.08864657580852509 0.09033536911010742
0 0.614664614200592 0.431663453578949 0.08400793373584747 0.08960466086864471
0 0.6347641944885254 0.5416277647018433 0.08480949699878693 0.09006891399621964
0 0.536088764667511 0.5326835513114929 0.09237794578075409 0.09412059932947159
0 0.46110057830810547 0.6521680951118469 0.09108266979455948 0.09095926582813263
0 0.492362916469574 0.46001046895980835 0.06549863517284393 0.06296567618846893
0 0.349403440952301 0.47802433371543884 0.0847596675157547 0.09037961810827255
0 0.4134945273399353 0.38780534267425537 0.08892352879047394 0.08766989409923553
0 0.5241090059280396 0.36796140670776367 0.0843111053109169 0.09163620322942734
