0 0.4247836768627167 0.47118332982063293 0.06961327791213989 0.06770271062850952
0 0.431918740272522 0.3955221474170685 0.06713730096817017 0.06460487842559814
0 0.49749699234962463 0.4367242455482483 0.06683105230331421 0.06496745347976685
1 0.39792755246162415 0.3225041329860687 0.05982750654220581 0.058844685554504395
1 0.33801358938217163 0.4860749840736389 0.060304880142211914 0.05778476595878601
1 0.4122120440006256 0.5480027794837952 0.060074448585510254 0.05779540538787842
1 0.4965996742248535 0.31714868545532227 0.059664398431777954 0.058623433113098145
1 0.5107779502868652 0.5424602031707764 0.05959853529930115 0.058872103691101074
1 0.5760619640350342 0.4724600911140442 0.06056475639343262 0.05824482440948486
1 0.33214274048805237 0.39300116896629333 0.05998474359512329 0.05866873264312744
1 0.5706191658973694 0.3795436918735504 0.06003272533416748 0.05809175968170166
