1 0.6073805093765259 0.39702877402305603 0.07144021987915039 0.05982869863510132
1 0.5644795894622803 0.6375485062599182 0.0726921558380127 0.062309980392456055
1 0.6772209405899048 0.6150369644165039 0.0735621452331543 0.06226909160614014
0 0.5915704965591431 0.5607004761695862 0.07987689971923828 0.06817686557769775
1 0.7362141013145447 0.5347196459770203 0.07418525218963623 0.06326329708099365
1 0.7070658206939697 0.44425344467163086 0.07103025913238525 0.061284780502319336
1 0.4362051784992218 0.5004642605781555 0.07230031490325928 0.06188619136810303
0 0.5368127822875977 0.4999227821826935 0.0804365873336792 0.0690576434135437
1 0.49546200037002563 0.41976821422576904 0.06962072849273682 0.06069272756576538
0 0.6262165904045105 0.49202436208724976 0.055281877517700195 0.04811015725135803
1 0.46473777294158936 0.5907458066940308 0.06899333000183105 0.0632551908493042
