1 1 1170.760498046875 751.850341796875 1317.070068359375 874.3795166015625
1 1 1081.617431640625 1241.8939208984375 1230.490966796875 1369.5047607421875
1 1 1311.620849609375 1195.8321533203125 1462.276123046875 1323.3592529296875
2 0 1129.742431640625 1078.50146484375 1293.330322265625 1218.127685546875
1 1 1431.80078125 1030.32421875 1583.732177734375 1159.887451171875
1 1 1375.3358154296875 847.075439453125 1520.8057861328125 972.586669921875
1 1 819.3126831054688 961.579345703125 967.3837280273438 1088.322265625
2 0 1017.0255126953125 953.1268310546875 1181.7596435546875 1094.556884765625
1 1 943.41455078125 797.5359497070312 1085.997802734375 921.8346557617188
1 0 1225.8829345703125 958.4010620117188 1339.1002197265625 1056.9306640625
1 1 881.1337890625 1145.0740966796875 1022.43212890625 1274.6207275390625
