2 0 1153.303955078125 1074.8699951171875 1319.8289794921875 1253.76123046875
2 0 716.1715087890625 1157.6092529296875 894.54345703125 1334.7276611328125
2 0 906.6748046875 1113.51611328125 1075.410400390625 1273.720458984375
1 0 687.1614990234375 987.7737426757812 853.5247192382812 1151.992431640625
2 0 864.0862426757812 976.4426879882812 1028.7218017578125 1144.116455078125
2 0 1047.7613525390625 1231.271728515625 1222.3675537109375 1403.2498779296875
2 0 872.0162963867188 1262.40771484375 1038.97119140625 1440.036376953125
2 0 965.3767700195312 797.5340576171875 1135.8336181640625 967.6110229492188
2 0 787.1131591796875 834.6467895507812 958.9293823242188 1003.7274169921875
2 0 1114.4014892578125 897.8221435546875 1286.7139892578125 1071.423583984375
1 0 999.8073120117188 1020.6784057617188 1150.4383544921875 1167.3282470703125
2 0 866.3191528320312 1179.03173828125 1069.617431640625 1391.330810546875
