0 0.6037921905517578 0.5685135126113892 0.08131104707717896 0.08734923601150513
0 0.39324095845222473 0.60848069190979 0.08709567785263062 0.08648359775543213
0 0.4839075207710266 0.5828214287757874 0.0823904275894165 0.078224778175354
0 0.3761441111564636 0.5224038362503052 0.08123204112052917 0.08018490672111511
0 0.46211135387420654 0.5177146196365356 0.08038845658302307 0.08187195658683777
0 0.5542306900024414 0.6431937217712402 0.08525693416595459 0.0839737057685852
0 0.46654969453811646 0.6597763895988464 0.0815209448337555 0.08673274517059326
0 0.5129908323287964 0.4309436082839966 0.0832308828830719 0.08304539322853088
0 0.4262799024581909 0.4488218426704407 0.08389464020729065 0.08255890011787415
0 0.5862098336219788 0.48077288269996643 0.084136962890625 0.08476632833480835
0 0.524962306022644 0.5341812968254089 0.07355031371116638 0.07160636782646179
0 0.4726407527923584 0.6275299191474915 0.09926673769950867 0.10366165637969971
